100100,6.6e-05,3.052,0.1580379701
1000010000,0.005209,3.1426,0.01495299301
100000100000,0.07342,3.143272,0.004841976456
10000001000000,0.475283,3.14063,0.001430458668
1000000010000000,4.851012,3.1415134,0.0005412249292
100100,0.00011,3.048,0.08352245207
1000010000,0.004977,3.1374,0.01672291841
100000100000,0.053745,3.14342,0.004607480874
10000001000000,0.481006,3.1420092,0.001621058469
1000000010000000,4.763075,3.14168064,0.0005300155228
100100,8.6e-05,3.084,0.1413647764
1000010000,0.005046,3.1382,0.0155704849
100000100000,0.051516,3.14242,0.00251213057
10000001000000,0.483851,3.1413356,0.002124323478
1000000010000000,4.760384,3.14136408,0.0003884855024
100100,0.000116,2.964,0.1219180052
1000010000,0.005087,3.14544,0.01313097102
100000100000,0.050324,3.141676,0.004115665681
10000001000000,0.477741,3.1427148,0.001797957997
1000000010000000,4.784078,3.14169696,0.0004519891043
100100,0.000111,2.996,0.1436105846
1000010000,0.004784,3.13888,0.01579042748
100000100000,0.050947,3.140948,0.004958678856
10000001000000,0.485035,3.1418556,0.001803952505
1000000010000000,4.733355,3.14135048,0.0005685010691
100100,0.000115,2.992,0.136
1000010000,0.004749,3.14568,0.01112661674
100000100000,0.053354,3.141284,0.003357210747
10000001000000,0.476344,3.1414672,0.0009700009072
1000000010000000,4.770935,3.14146316,0.0002575164119
100100,9.3e-05,3.008,0.1428845688
1000010000,0.005477,3.14548,0.01474047489
100000100000,0.048541,3.142356,0.003658390903
10000001000000,0.482697,3.1418388,0.001079954147
1000000010000000,4.762582,3.14159352,0.0005366879108
100100,9.4e-05,3.012,0.1103449138
1000010000,0.006014,3.1386,0.0178986033
100000100000,0.051714,3.13814,0.003729375283
10000001000000,0.484813,3.1410104,0.00152372722
1000000010000000,4.771417,3.14171816,0.0004844564525
100100,0.000137,3.02,0.2033715811
1000010000,0.005722,3.14484,0.01520152624
100000100000,0.04865,3.139348,0.005210728932
10000001000000,0.484287,3.1409908,0.00199139995
1000000010000000,4.754594,3.1417912,0.00049937875
100100,8.5e-05,3.064,0.1215894732
1000010000,0.005429,3.15248,0.01456329633
100000100000,0.05344,3.142608,0.006099909508
10000001000000,0.483533,3.1422696,0.001142747846
1000000010000000,4.775367,3.14168112,0.0004706987079
100100,0.000104,3.04,0.164924225
1000010000,0.004863,3.13792,0.01205693162
100000100000,0.051545,3.139364,0.005478640707
10000001000000,0.482917,3.1405268,0.001933525733
1000000010000000,4.844433,3.14162516,0.0004809461492
100100,9.7e-05,3.056,0.1717672844
1000010000,0.007397,3.14924,0.01048190822
100000100000,0.053481,3.141164,0.005538763761
10000001000000,0.476827,3.1408532,0.001182546473
1000000010000000,4.75588,3.14167552,0.0006117578031
100100,8.8e-05,2.996,0.1344023809
1000010000,0.007727,3.15124,0.01292247654
100000100000,0.05151,3.14156,0.005965983574
10000001000000,0.48,3.1409356,0.001243354752
1000000010000000,4.765058,3.1416964,0.0004814707135
100100,6.3e-05,2.98,0.1456021978
1000010000,0.004775,3.13152,0.01758526656
100000100000,0.052088,3.138068,0.003551002112
10000001000000,0.487623,3.1415392,0.001459745512
1000000010000000,4.808724,3.14134736,0.0003894391126
100100,6.4e-05,2.976,0.2087678136
1000010000,0.007233,3.14212,0.01923500975
100000100000,0.051435,3.141348,0.007406441521
10000001000000,0.483485,3.1416624,0.0006517231314
1000000010000000,4.758684,3.14187464,0.0004630920841
100100,0.000129,3.012,0.1464786674
1000010000,0.005493,3.14084,0.01473765246
100000100000,0.051181,3.138628,0.004369239751
10000001000000,0.477358,3.1407204,0.00110751679
1000000010000000,5.023282,3.14133592,0.0005195902016
100100,6.4e-05,2.916,0.0970772888
1000010000,0.007226,3.13848,0.01748489634
100000100000,0.050989,3.141692,0.004657966938
10000001000000,0.480665,3.1420388,0.001199742706
1000000010000000,4.790454,3.14155236,0.0003392825583
100100,6.4e-05,3.004,0.07683749085
1000010000,0.004815,3.14012,0.02212260383
100000100000,0.053805,3.142032,0.00475255889
10000001000000,0.496237,3.1421648,0.001636322511
1000000010000000,4.799557,3.14160876,0.0005089532929
100100,9.9e-05,3.088,0.1348183964
1000010000,0.00723,3.13792,0.009689251777
100000100000,0.051318,3.140388,0.004999329555
10000001000000,0.480752,3.1414964,0.001197790566
1000000010000000,4.735413,3.14159524,0.0003215601194
100100,9e-05,2.992,0.1197330364
1000010000,0.007955,3.1344,0.01919166486
100000100000,0.053815,3.140768,0.003326778622
10000001000000,0.473375,3.1414648,0.0008177721932
1000000010000000,4.761779,3.14174752,0.0006782267184
100100,0.000111,3.14,0.1745852227
1000010000,0.007401,3.1382,0.01661637746
100000100000,0.052843,3.141088,0.002358901439
10000001000000,0.485889,3.1412748,0.0005931530662
1000000010000000,4.75967,3.14146624,0.0005029598537
100100,6.4e-05,3.08,0.1264911064
1000010000,0.007235,3.13832,0.0157995443
100000100000,0.050369,3.142176,0.004623529388
10000001000000,0.479632,3.1405972,0.002019334583
1000000010000000,4.783255,3.14145684,0.0004094417839
100100,0.000115,2.972,0.1374627222
1000010000,0.007936,3.1438,0.01154365627
100000100000,0.051411,3.139396,0.006266468224
10000001000000,0.47589,3.1404304,0.001217777911
1000000010000000,4.812032,3.14191844,0.0004235816974
100100,6.2e-05,3.064,0.1387948126
1000010000,0.007803,3.14384,0.01525170154
100000100000,0.052631,3.140932,0.005099491739
10000001000000,0.482155,3.141664,0.001311506005
1000000010000000,4.799618,3.14145436,0.0004070217075
100100,8.5e-05,3.06,0.1433875866
1000010000,0.006137,3.14628,0.01085475011
100000100000,0.05288,3.142804,0.002871345329
10000001000000,0.475502,3.142222,0.001288725572
1000000010000000,4.761204,3.14187296,0.0004885375466
100100,6.2e-05,3.06,0.1376953158
1000010000,0.007871,3.13972,0.01659498719
100000100000,0.05142,3.14206,0.003716266944
10000001000000,0.478693,3.141894,0.001570851743
1000000010000000,4.749278,3.14169584,0.0003355467514
100100,0.000101,3.04,0.1579873413
1000010000,0.006571,3.15152,0.01586926589
100000100000,0.047848,3.143524,0.004308148558
10000001000000,0.485477,3.1421024,0.001139960982
1000000010000000,4.76077,3.14174244,0.0006860362778
100100,6.3e-05,3.028,0.09641576635
1000010000,0.007061,3.1486,0.01605515494
100000100000,0.053123,3.142308,0.004104282641
10000001000000,0.478189,3.1417212,0.001048975195
1000000010000000,4.779244,3.14142588,0.0002366916678
100100,6.3e-05,3.02,0.1242577965
1000010000,0.007492,3.13876,0.01358287157
100000100000,0.049165,3.138608,0.005071356426
10000001000000,0.474055,3.1409208,0.001327000588
1000000010000000,4.794217,3.14185404,0.000494957241
100100,9.1e-05,3.056,0.1304760514
1000010000,0.006654,3.14144,0.01229790226
100000100000,0.047954,3.141644,0.004678066267
10000001000000,0.492078,3.1422352,0.001157236432
1000000010000000,4.804205,3.14180472,0.0004539216778
100100,6.3e-05,3.036,0.1747684182
1000010000,0.007707,3.14316,0.01627115239
100000100000,0.048256,3.13942,0.004521672257
10000001000000,0.475201,3.1410012,0.001215553931
1000000010000000,4.803166,3.141672,0.0006569963896
