TAM_N,TIME_N,PI_N,ERROR_N
100,0.00024,3.155412402,0.1335738801
10000,0.012211,3.146877088,0.02136859554
100000,0.109999,3.1450234,0.007559502922
1000000,1.119762,3.14135701,0.003679702202
10000000,10.985282,3.141779135,0.0004733666158
100,0.00023,3.307954156,0.207632174
10000,0.011531,3.131463468,0.02512393657
100000,0.133955,3.140080031,0.006293427268
1000000,1.131294,3.141931145,0.001817070498
10000000,11.564474,3.141537707,0.0007152221429
100,0.000259,3.288603272,0.2199845374
10000,0.011662,3.159142153,0.02404928106
100000,0.12821,3.141872747,0.01179245571
1000000,1.29504,3.140625271,0.001443402945
10000000,13.80125,3.141648966,0.0006674444934
100,0.000227,3.187034694,0.2627275371
10000,0.013359,3.1399631,0.01234438817
100000,0.138468,3.141225211,0.003432840072
1000000,1.216642,3.141630911,0.002427648271
10000000,12.779827,3.14109711,0.0009126071286
100,0.000246,3.17016448,0.2240438757
10000,0.011561,3.151798261,0.01347014856
100000,0.124112,3.14576356,0.007181258569
1000000,1.2496,3.142035662,0.003017817562
10000000,11.817004,3.141533592,0.0006715684916
100,0.000166,3.04691648,0.3336402493
10000,0.011028,3.13893682,0.02826374816
100000,0.112152,3.136423718,0.008836597916
1000000,1.117639,3.140501003,0.00288076635
10000000,11.059174,3.141710714,0.0007944533732
100,0.000232,3.084422802,0.152763841
10000,0.011844,3.142373856,0.0169302583
100000,0.116215,3.144490506,0.007796162228
1000000,1.094541,3.141857609,0.002534366017
10000000,10.978052,3.141552455,0.0007007970777
100,0.000312,3.118407146,0.2604368378
10000,0.010761,3.146846266,0.02263396637
100000,0.110402,3.143504033,0.008184092372
1000000,1.205248,3.141814392,0.001565623048
10000000,12.322138,3.141384649,0.0004692000819
100,0.000213,3.27280078,0.2936178288
10000,0.011359,3.147789444,0.01920155442
100000,0.121948,3.138466707,0.005761578696
1000000,1.131227,3.141194772,0.001179907426
10000000,11.289101,3.14182117,0.0008007319602
100,0.000179,3.143380102,0.2468037148
10000,0.012357,3.143307589,0.02070624985
100000,0.119135,3.140652155,0.004951159997
1000000,1.324293,3.143218387,0.002785485602
10000000,11.679923,3.141409388,0.0005299368181
100,0.00028,3.084832349,0.1551107465
10000,0.011188,3.126217872,0.01717981983
100000,0.112654,3.140499638,0.007523936119
1000000,1.232927,3.142125739,0.001447444459
10000000,11.859297,3.141403133,0.0005628370117
100,0.00041,3.089187638,0.262170942
10000,0.013685,3.16136062,0.01816646091
100000,0.165137,3.143112378,0.007928993217
1000000,1.22464,3.142363681,0.001897625988
10000000,11.773159,3.141254501,0.0008467239912
100,0.000164,3.191331578,0.1474894849
10000,0.016431,3.138446254,0.02227887478
100000,0.112252,3.142250851,0.006326824104
1000000,1.105154,3.140759583,0.00203539732
10000000,11.049933,3.141977182,0.0005549524534
100,0.00026,3.13822512,0.2070311697
10000,0.011922,3.14134364,0.03291177272
100000,0.113779,3.13949922,0.00335278924
1000000,1.111447,3.140854249,0.002008280607
10000000,11.664402,3.141950331,0.00055525836
100,0.000176,3.195164268,0.2697550786
10000,0.01329,3.150624975,0.01989884451
100000,0.127228,3.142807654,0.01066410134
1000000,1.128172,3.142712155,0.001785206137
10000000,12.042749,3.141454393,0.0006700518254
100,0.000179,3.199206867,0.2511825777
10000,0.012647,3.1400958,0.0160860572
100000,0.117801,3.140380711,0.004888959971
1000000,1.208456,3.140589609,0.00249940038
10000000,11.757329,3.141480574,0.0007336770855
100,0.000292,3.101176409,0.1754238019
10000,0.011654,3.131411559,0.01263314841
100000,0.119365,3.141166857,0.006739788853
1000000,1.172481,3.141205336,0.002265283981
10000000,11.113963,3.141076019,0.0005330920114
100,0.000367,3.164119793,0.2136501369
10000,0.013008,3.129480393,0.0200211925
100000,0.107252,3.13864706,0.00859025929
1000000,1.08287,3.140871656,0.002754633671
10000000,11.059216,3.141423884,0.0006342697273
100,0.000265,3.19268371,0.2433868114
10000,0.015441,3.152195155,0.01341781283
100000,0.111963,3.143480613,0.007453406048
1000000,1.081504,3.141202794,0.001828311018
10000000,11.256088,3.141584955,0.0006539004568
100,0.000166,3.280795993,0.2898871921
10000,0.01171,3.128852827,0.02988729534
100000,0.116815,3.140876305,0.008831564331
1000000,1.171157,3.141472627,0.003303814558
10000000,14.031732,3.1413083,0.0008838676489
100,0.000289,3.084919297,0.2366295375
10000,0.019302,3.143660952,0.0212576057
100000,0.157769,3.141495884,0.007496095652
1000000,1.634109,3.141853054,0.003027626251
10000000,12.487359,3.141142237,0.00041431863
100,0.000337,3.122142609,0.1460752481
10000,0.015222,3.144517825,0.02251145411
100000,0.112226,3.14292639,0.007245501116
1000000,1.170592,3.14135772,0.002214702019
10000000,11.63599,3.141937397,0.0006766990944
100,0.00018,3.22377904,0.2950519442
10000,0.011588,3.14146155,0.01916274946
100000,0.113871,3.140985279,0.006959103763
1000000,1.155572,3.141700795,0.001932223709
10000000,11.399213,3.141892285,0.0007867033077
100,0.000251,3.349116392,0.3492818301
10000,0.017192,3.152013953,0.03177479173
100000,0.116907,3.146487244,0.006283496961
1000000,1.165291,3.140881317,0.002323165261
10000000,11.58879,3.141456038,0.0004375518539
100,0.000165,3.111737193,0.1415681079
10000,0.013069,3.155852933,0.0163322754
100000,0.116648,3.140351937,0.007581386092
1000000,1.181889,3.140976035,0.0019681666
10000000,11.588713,3.141523242,0.00057972609
100,0.000161,2.959634965,0.171613989
10000,0.013255,3.15655948,0.03538810456
100000,0.11408,3.147869039,0.01011360715
1000000,1.134538,3.142385966,0.002629808926
10000000,11.364406,3.141313579,0.0006847681073
100,0.00017,3.156209998,0.2330654281
10000,0.010899,3.14393411,0.01944102103
100000,0.114952,3.143522277,0.005586394713
1000000,1.14476,3.141167304,0.001854428857
10000000,11.349666,3.141530602,0.0007173781313
100,0.000166,3.141357182,0.2229346958
10000,0.012455,3.141936168,0.02148135233
100000,0.115369,3.140142374,0.00978825166
1000000,1.144244,3.141561761,0.002386852931
10000000,11.357344,3.14147128,0.0006959934678
100,0.000167,3.204931818,0.1770536496
10000,0.01079,3.154356947,0.02037172384
100000,0.117994,3.146623525,0.00794761366
1000000,1.151749,3.141820591,0.003328566408
10000000,11.832172,3.141535493,0.0007287591915
100,0.000303,3.125104492,0.1756151295
10000,0.011061,3.127747205,0.02815866667
100000,0.115303,3.140423382,0.008058810453
1000000,1.147954,3.141457921,0.002563343461
10000000,11.480627,3.142034312,0.0007231623956
100,0.000166,3.141675169,0.2345134076
10000,0.011596,3.152151743,0.01412888158
100000,0.114774,3.142259345,0.007153791747
1000000,1.176441,3.143073668,0.003057832145
10000000,11.794015,3.141729126,0.000976910699
